0.0666666666666667
0.01666666666666669
0.0666666666666667
0.333333333333333
0.0666666666666667
0.0
0.333333333333333
0.9500000000000001
1.0
1.0
0.13333333333333303
0.8166666666666671
0.8166666666666671
0.15
0.15
0.8166666666666671
0.0
0.01666666666666669
0.0
0.01666666666666669
0.0
0.033333333333333395
0.7500000000000001
0.15
0.033333333333333395
0.6666666666666671
0.516666666666667
0.333333333333333
0.333333333333333
0.6333333333333331
0.266666666666667
0.333333333333333
0.266666666666667
0.8000000000000002
0.8166666666666671
0.5333333333333331
0.8666666666666671
0.65
0.616666666666667
0.0
0.5333333333333331
0.6333333333333331
0.05000000000000002
0.13333333333333303
0.10000000000000002
0.033333333333333395
0.21666666666666698
0.35
0.25
0.0666666666666667
0.2
0.0
0.4
0.3
0.466666666666667
0.333333333333333
0.2
0.0
0.666666666666667
0.6
0.1
0.233333333333333
1.0
0.733333333333333
0.866666666666667
0.733333333333333
1.0
0.333333333333333
0.0333333333333334
0.233333333333333
0.233333333333333
0.233333333333333
0.2
0.333333333333333
0.233333333333333
0.333333333333333
0.533333333333333
0.0666666666666667
0.733333333333333
0.233333333333333
0.733333333333333
0.433333333333333
0.666666666666667
0.9
0.266666666666667
0.866666666666667
0.5
0.333333333333333
0.366666666666667
0.0333333333333334
0.366666666666667
0.466666666666667
0.533333333333333
0.633333333333333
0.333333333333333
0.0
0.333333333333333
0.6
0.6
0.733333333333333
0.933333333333333
0.666666666666667
0.633333333333333
0.199999999999999
0.866666666666667
0.6
0.5
0.0666666666666661
0.366666666666667
1.0
0.866666666666667
0.866666666666667
1.0
0.666666666666667
1.0
0.65
0.25
0.5
0.911764705882353
0.735294117647059
0.147058823529412
1.0
0.3
0.55
